#L,250Hz,500Hz,1000Hz,2000Hz,4000Hz,8000Hz
0.000000000000000000e+00 1.276556324625296827e-02 1.272313244724583570e-02 1.273257806206775852e-02 1.276967317687525104e-02 1.291898408597387353e-02 1.302559313975537418e-02
1.000000000000000000e+01 1.263475872602988839e-02 1.253872337829515723e-02 1.251253476514901236e-02 1.263084012636516568e-02 1.274208073559567750e-02 1.300745634790519828e-02
2.000000000000000000e+01 1.243497586892988033e-02 1.266505898752614233e-02 1.515475517795234969e-02 1.639539686944226776e-02 1.630492702553856116e-02 1.309146930491620134e-02
3.000000000000000000e+01 1.270716299595507637e-02 2.139714128576137436e-02 2.995102772091074589e-02 3.078195513185771892e-02 2.718273384536578838e-02 2.089746413868199745e-02
4.000000000000000000e+01 1.796892398927092682e-02 2.992155656237533920e-02 3.739180073093058970e-02 3.153264277228971790e-02 2.739830175012539920e-02 3.660739697235956824e-02
5.000000000000000000e+01 2.490829192995504260e-02 4.383544102943087023e-02 6.804672306155469530e-02 5.543579037307622137e-02 4.068743147205323291e-02 5.256222363605899534e-02
6.000000000000000000e+01 4.396248470585285145e-02 7.194860050276688512e-02 9.493342938812385223e-02 9.120195582444175220e-02 6.698622951569162265e-02 6.913236695975173707e-02
7.000000000000000000e+01 7.183429556290965579e-02 8.566658690820426469e-02 1.184085720155013677e-01 8.174089058476684266e-02 4.289608379036280450e-02 8.062517480822470328e-02
8.000000000000000000e+01 1.474075822469828323e-01 1.430592181935837759e-01 2.074696391211973134e-01 1.610528031368479995e-01 1.720166810498947318e-01 8.707230157434750484e-02
9.000000000000000000e+01 2.676616548461345224e-01 2.957497107626831379e-01 3.554949808242365838e-01 2.963460768853635185e-01 2.291329241647444004e-01 1.053613931336353365e-01
