#L,HSR-tone-1kHz,HSR-tone-4kHz,HSR-SAM-1kHz,HSR-SAM-4kHz,MSR-tone-1kHz,MSR-tone-4kHz,MSR-SAM-1kHz,MSR-SAM-4kHz,LSR-tone-1kHz,LSR-tone-4kHz,LSR-SAM-1kHz,LSR-SAM-4kHz
0.000000000000000000e+00 1.078618201467100413e+00 2.594602799565612017e+00 2.063272866252744642e+00 5.064288151621959777e+00 2.980714420038437229e-01 2.637105627864440582e-01 6.954194175944956591e-01 7.210467123940649259e-01 9.975941105461992586e-02 2.048057712498645155e-02 2.295021723482585096e-01 5.906978708425877911e-02
1.000000000000000000e+01 2.438584958107654188e+00 1.082411741998601507e+01 6.620143572148507793e+00 1.315289616142584173e+01 6.967986362789119203e-01 1.041689413167517841e+00 1.809157563761883969e+00 1.281150086014118727e+00 1.442288232543276205e-01 7.231335166626720601e-02 5.923484061622918961e-01 1.681766967103733579e-01
2.000000000000000000e+01 6.154301539470662163e+00 6.885225858816878208e+00 1.735227446408019958e+01 1.533452518771429673e+01 1.728213125639573633e+00 1.563804611750661655e+00 4.583751456711473438e+00 3.287515537239302787e+00 3.134716432240209349e-01 1.914754650701820105e-01 9.103130957115196376e-01 3.161862893577905287e-01
3.000000000000000000e+01 1.063480108554395187e+01 6.942365017071855604e+00 3.078001795635667293e+01 1.362030807445288971e+01 3.719832436348906590e+00 2.466582186250847464e+00 1.076054221038794800e+01 6.006332335296995062e+00 6.868814695259329861e-01 2.801209185862194584e-01 1.642434304220055541e+00 6.469454038601286650e-01
4.000000000000000000e+01 1.235145203148069193e+01 5.460683806568308540e+00 3.570453804417729060e+01 1.270814154249399763e+01 5.668240180439533482e+00 3.602641337480739114e+00 1.495878807711828529e+01 8.315652929815854577e+00 1.324831970173951490e+00 6.105436401140104108e-01 3.750747881389633775e+00 1.317583821780483166e+00
5.000000000000000000e+01 1.300018050632484901e+01 7.829944363373458671e+00 3.590235557629661400e+01 1.332884389439299966e+01 6.975837179277098343e+00 4.535088218513247504e+00 1.944191982497565974e+01 9.927174124401565436e+00 1.731856972556185870e+00 1.125706094057516315e+00 4.575408315861136721e+00 2.091650196633581871e+00
6.000000000000000000e+01 1.413086080619170204e+01 7.017000185166131665e+00 3.906067054473444244e+01 1.327845423031438621e+01 8.668437930816864423e+00 5.016038116168319405e+00 2.306165414173795014e+01 9.585416908478327613e+00 2.202617696771374423e+00 1.170839705862378066e+00 5.647605427135356848e+00 2.725751797070181670e+00
7.000000000000000000e+01 1.677056756560349982e+01 7.567481907408873276e+00 4.941579323588181438e+01 1.213790078153792074e+01 1.165023170713881839e+01 6.733304474807478179e+00 2.887833525203920715e+01 9.535716566774253167e+00 3.038712304548647936e+00 1.278769725504615318e+00 8.848026343833439000e+00 3.008068346727256870e+00
8.000000000000000000e+01 1.932975019064078737e+01 8.643885865909634703e+00 3.701418401854443374e+01 1.063930159493060223e+01 1.445274288858886358e+01 7.778977094501366985e+00 2.957644492075523246e+01 9.382823334084392286e+00 4.299266942621790655e+00 1.482178287494150482e+00 1.182334370144518232e+01 3.167406246442720619e+00
9.000000000000000000e+01 1.779985156848051631e+01 1.035019696394012101e+01 3.336049790267492199e+01 1.069813913817949924e+01 1.238798329911871043e+01 7.266266952000526302e+00 3.119660665750749828e+01 1.039379836723382411e+01 4.906102953979866399e+00 1.571364715794201006e+00 1.122981086571492781e+01 2.699867878783714925e+00
