# #L,250Hz,500Hz,1000Hz,2000Hz,4000Hz,8000Hz
0.000000000000000000e+00 2.166406371030060035e-03 2.100335686920671435e-03 2.106576703489512498e-03 2.155804592129140305e-03 2.280572358513816532e-03 2.357150144767920872e-03
1.000000000000000000e+01 2.065128419128318699e-03 1.978711602786638931e-03 2.012503019780054452e-03 2.117778892789761239e-03 2.212462206019432959e-03 2.714035582162213026e-03
2.000000000000000000e+01 1.929887426545135723e-03 1.986294296041082701e-03 2.640219588725269129e-03 4.196744419874824661e-03 3.646835231264790485e-03 1.132455739284277639e-02
3.000000000000000000e+01 1.867350061239367569e-03 3.190605571558874885e-03 6.854447183654901674e-03 8.840100360877652455e-03 6.945841201111446414e-03 7.042536109352200147e-02
4.000000000000000000e+01 2.179882696094653446e-03 6.044348013137911500e-03 7.562088387282840142e-03 9.303914812980733015e-03 8.095357274203521941e-03 1.479491364399727060e-01
5.000000000000000000e+01 2.492724351472717665e-03 7.590733963838727262e-03 1.343746328505756454e-02 1.598916517608656163e-02 1.246787393191790827e-02 2.230837395713837490e-01
6.000000000000000000e+01 6.791915997975186796e-03 1.431813558157159737e-02 2.182998987201183530e-02 2.849578790141773371e-02 2.104473882293838444e-02 3.124601125728079798e-01
7.000000000000000000e+01 1.344585547605483926e-02 1.816598372612138884e-02 2.891928025927716431e-02 3.353967047359044523e-02 3.123304684848274976e-02 3.555936368744707088e-01
8.000000000000000000e+01 3.152860661865282410e-02 2.461170731313259627e-02 3.181482476314568403e-02 5.402229165585898524e-02 8.998504498169626609e-02 2.833758104524607413e-01
9.000000000000000000e+01 4.354881971108337524e-02 3.606230923711720854e-02 4.872346620524633382e-02 7.067209339307789495e-02 9.595908175957937325e-02 2.077567665889764603e-01
