0.000000000000000000e+00 3.446076612014360024e-02 3.448809140263398715e-02 3.454660050732583781e-02 3.454461601823990979e-02 3.452494772101617065e-02 3.458846239692910801e-02
1.000000000000000000e+01 3.448863411689398473e-02 3.449893487728573904e-02 3.454509013960790215e-02 3.454212551287917654e-02 3.453212192000446046e-02 3.474766866100324064e-02
2.000000000000000000e+01 3.451019111335308642e-02 3.452145862261148807e-02 3.435452942554390737e-02 3.436622390376106034e-02 3.434186433424019774e-02 3.766799190662830504e-02
3.000000000000000000e+01 3.444915636000422249e-02 3.434814976197515801e-02 3.382173941158266028e-02 3.400300355910008260e-02 3.392698012575913469e-02 7.718570833892526850e-02
4.000000000000000000e+01 3.394134077697134183e-02 3.404983895309748182e-02 3.671208561936385728e-02 3.703784369538955928e-02 3.488809092483552421e-02 1.495693285724338795e-01
5.000000000000000000e+01 3.287493623197921405e-02 3.529039879344418595e-02 5.353827380027623845e-02 4.788565464825440127e-02 4.356209920849812151e-02 2.502965055102285286e-01
6.000000000000000000e+01 3.046327430912423515e-02 3.712543111268521573e-02 6.360968262329902423e-02 5.655794686501759011e-02 5.292945204541817800e-02 3.756962967602055503e-01
7.000000000000000000e+01 2.697379656363903255e-02 4.361645049811120611e-02 9.585350643840608031e-02 9.207172576315707235e-02 5.904263239882739933e-02 4.834956438017288249e-01
8.000000000000000000e+01 3.119792547676579486e-02 6.172540122742953966e-02 1.309565250406487524e-01 1.259949305484413806e-01 1.332372582110133152e-01 4.865351719577875600e-01
9.000000000000000000e+01 3.375299940878966065e-02 8.881930344760051443e-02 1.011408732463534854e-01 1.199353686165053889e-01 1.249859936972976260e-01 4.722779868856361585e-01
