#L,HSR-tone-1kHz,HSR-tone-4kHz,HSR-SAM-1kHz,HSR-SAM-4kHz,MSR-tone-1kHz,MSR-tone-4kHz,MSR-SAM-1kHz,MSR-SAM-4kHz,LSR-tone-1kHz,LSR-tone-4kHz,LSR-SAM-1kHz,LSR-SAM-4kHz
0.000000000000000000e+00 1.175835351967190051e-01 1.192431051660220592e-01 4.136554585936134676e-01 4.129737995992074362e-01 2.436542738631768679e-01 2.418060256967212163e-01 4.952955202246768773e-01 4.915018341393120327e-01 2.911642684827112082e-02 2.910350482778182105e-02 6.384549994010753349e-02 6.382532613242251907e-02
1.000000000000000000e+01 1.203321680960025425e-01 1.059829350449907892e-01 2.904649532375976895e-01 2.846360452822799814e-01 2.653187758579697020e-01 2.463689316980205435e-01 5.537951646766473557e-01 5.157032249891639886e-01 2.928786653991767922e-02 2.915741607852243358e-02 6.432531652806570965e-02 6.413552992375465278e-02
2.000000000000000000e+01 4.807428175492116651e-01 3.981094832670389327e-01 9.223083714472807282e-01 6.205870806711298870e-01 4.978916684427214245e-01 2.936531986842452757e-01 1.185039413880702330e+00 7.770870591234674274e-01 3.118226020629837059e-02 2.967706197268740395e-02 7.042470691281638162e-02 6.787206063385263499e-02
3.000000000000000000e+01 7.096395353234362657e-01 8.498363258960880406e-01 3.247597673841174704e+00 1.679030802710480552e+00 1.960360349478621256e+00 6.400911131663081788e-01 4.997325860780946094e+00 2.298080101888546611e+00 7.217885181396985206e-02 3.302852234630736933e-02 2.692875174951416262e-01 9.909370136900472192e-02
4.000000000000000000e+01 4.307498192291150829e+00 1.098991048946860838e+00 7.072205361567697857e+00 2.986465566269413507e+00 1.585915585307637876e+00 1.274890348099771309e+00 3.353697692060319202e+00 4.848930649369464163e+00 3.716275320083556322e-01 3.690904857938481776e-02 1.378613567072650703e+00 1.262694243382022075e-01
5.000000000000000000e+01 6.848674284803128565e+00 2.025868004505271269e+00 9.187633366787640199e+00 5.116582751529514361e+00 1.434521509785093629e+00 2.143001542154218786e+00 4.360549799658157255e+00 5.230451493456977019e+00 3.298326639080468303e-01 8.554180063974338444e-02 1.474883540533188597e+00 1.684229070415706464e-01
6.000000000000000000e+01 7.637988617134374714e+00 2.806609575704129167e+00 8.267976167923691833e+00 4.145249023200315186e+00 2.151212518330891665e+00 3.325556844161807302e+00 4.273030580467273687e+00 5.091523808976914367e+00 5.340264951901911861e-01 1.517772684668984851e-01 1.372672109159868814e+00 4.698893975187801164e-01
7.000000000000000000e+01 7.813746467060032508e+00 3.319858402774231720e+00 8.892597792368814424e+00 5.124165316292842220e+00 1.860808611160153614e+00 3.557769437261287582e+00 4.015110836114052617e+00 3.906386399261240427e+00 5.533618489268731233e-01 2.857438070765538907e-01 1.795471323121787810e+00 7.848979956019909165e-01
8.000000000000000000e+01 8.785092354453480468e+00 6.095472338159954262e+00 8.731539781627507324e+00 6.582587345378608568e+00 2.679087785663955668e+00 2.733165341184706776e+00 3.569295622727791883e+00 3.955222370338659310e+00 8.626086604674944036e-01 6.702133255700172265e-01 1.416447877464340088e+00 1.587652156804947090e+00
9.000000000000000000e+01 8.299742784781759752e+00 1.020106536151194376e+01 9.245514439441217647e+00 8.894893400579992004e+00 3.200410654439626246e+00 4.955889286863533805e+00 3.651559930130048759e+00 5.076699637996558323e+00 1.152996957418095381e+00 1.174666414460666219e+00 2.485378820117998266e+00 2.014482602851359605e+00
