#L,HSR-tone-1kHz,HSR-tone-4kHz,HSR-SAM-1kHz,HSR-SAM-4kHz,MSR-tone-1kHz,MSR-tone-4kHz,MSR-SAM-1kHz,MSR-SAM-4kHz,LSR-tone-1kHz,LSR-tone-4kHz,LSR-SAM-1kHz,LSR-SAM-4kHz
0.000000000000000000e+00 2.504973750164193325e-01 2.618465431309332514e-01 3.796104962555291729e-01 4.203982582525479517e-01 5.484223092517621218e-02 4.549427549806658172e-02 9.182013150256666811e-02 6.137913548701530442e-02 1.649053632823061985e-02 1.545707840973400971e-02 3.258523330900705423e-02 2.956912183480762263e-02
1.000000000000000000e+01 2.277030368315945685e-01 3.069274948101929357e-01 2.835476265355620362e-01 5.963177644540841316e-01 6.557097561649156969e-02 5.288827172250001873e-02 1.311024269447836343e-01 9.142581007894044764e-02 1.583448547661633898e-02 1.614583495434309193e-02 3.131420819178935139e-02 3.308054980575794030e-02
2.000000000000000000e+01 3.293205450616650265e-01 4.177299906804373131e-01 4.014743807566706346e-01 8.252716969671062275e-01 6.694256406617568600e-02 9.349589013971174034e-02 1.686713536873622465e-01 1.544947369956979621e-01 1.745937942374123364e-02 1.937133045860100003e-02 3.095723028139563127e-02 3.871487949916989357e-02
3.000000000000000000e+01 1.176079827883172335e+00 3.245210543562327410e-01 2.349266242043185127e+00 8.831278530595625398e-01 5.152833614666070261e-01 8.443891794198350731e-02 1.213839540712162712e+00 5.603364724764224869e-01 6.705400913207355817e-02 1.853268204117045070e-02 1.691821473955578969e-01 5.800823100456695136e-02
4.000000000000000000e+01 1.203665977531898079e+00 6.684227280383355785e-01 1.810835209155392533e+00 1.533450563605479156e+00 7.082139622367009668e-01 2.740092513936719376e-01 1.135010140983791160e+00 1.219847804385218781e+00 3.760070922327782839e-01 5.597963390759261998e-02 7.840104401421409408e-01 1.938724926043684238e-01
5.000000000000000000e+01 1.592748397366297697e+00 1.161550250362258119e+00 1.613989570681877428e+00 1.654026559458254386e+00 5.988546237474688949e-01 7.875020316477554516e-01 1.459426920547454598e+00 1.488453046040705274e+00 5.787546860449782615e-01 1.773629201539305422e-01 1.121698555808715358e+00 5.066449491342377431e-01
6.000000000000000000e+01 1.516449354020414697e+00 1.736987066021935311e+00 1.877038584085162665e+00 2.065801398291479352e+00 8.935411271293758340e-01 1.535683068606447099e+00 1.323982765711436693e+00 1.685638240227723461e+00 8.320797401155048956e-01 2.225371997108376854e-01 9.745179208361254286e-01 7.472064904562413235e-01
7.000000000000000000e+01 1.871719475586599124e+00 1.892051692488391224e+00 1.790419764683893300e+00 2.734136945480579062e+00 8.117152338955770929e-01 1.428790407131347973e+00 1.374256818739300057e+00 2.148948376323240872e+00 8.523957466083438295e-01 8.372713907421296398e-01 9.744247329387574208e-01 1.883086746368699993e+00
8.000000000000000000e+01 2.014022801522573847e+00 2.349844505200334055e+00 1.899986733555995455e+00 2.726079312120534670e+00 9.554556601708996677e-01 1.352772747629298555e+00 1.522381564500776330e+00 4.213090794089237257e+00 7.896247118601891213e-01 1.162757575271689214e+00 1.157919248178664207e+00 2.152978122165812636e+00
9.000000000000000000e+01 1.747866822301334944e+00 3.399482610948107553e+00 1.968139861376185129e+00 3.127333473610122816e+00 8.637642708101042066e-01 1.866562773144396337e+00 1.613079490974199892e+00 4.623347102050609614e+00 9.954683779206678906e-01 1.503398120429008777e+00 1.262470427395085526e+00 2.990035953743147790e+00
