#L,HSR-tone-1kHz,HSR-tone-4kHz,HSR-SAM-1kHz,HSR-SAM-4kHz,MSR-tone-1kHz,MSR-tone-4kHz,MSR-SAM-1kHz,MSR-SAM-4kHz,LSR-tone-1kHz,LSR-tone-4kHz,LSR-SAM-1kHz,LSR-SAM-4kHz
0.000000000000000000e+00 3.399526815118643630e-01 2.032772855017178082e-01 7.350136873433587015e-01 3.178428432405870363e-01 1.697788724572289187e-01 1.619618887153215780e-01 3.092199563571677023e-01 2.878769894277399821e-01 1.146444044959133747e-02 1.065328497269202659e-02 2.709243393180381723e-02 2.531097438015595183e-02
1.000000000000000000e+01 5.661935062539033003e-01 2.743480375623671974e-01 1.377410024000665922e+00 6.271689108020147563e-01 1.707779628780052017e-01 1.692337649357155416e-01 3.248011027423232111e-01 3.234429989468456390e-01 1.514795238338165553e-02 1.084672099906308293e-02 3.728334760246803520e-02 2.709083649793682727e-02
2.000000000000000000e+01 9.881811745100012034e-01 8.013537308125353587e-01 1.753527002081446851e+00 2.528154775736406012e+00 2.013829878656610561e-01 2.224674087973507464e-01 3.668614818614486239e-01 6.105121847762557952e-01 2.608090960528973087e-02 1.469462673010239230e-02 7.469656062674666364e-02 4.113432388824275754e-02
3.000000000000000000e+01 2.407319114266417426e+00 3.438669321582043525e-01 4.830599860117543720e+00 7.060905075815007592e+00 9.679501449992677919e-01 2.227194508080746482e-01 2.841028457523050665e+00 1.384274770448465919e+00 1.647034373236108407e-01 7.053369922519849011e-02 4.215373529438773414e-01 2.175038218058881756e-01
4.000000000000000000e+01 2.809794111070411660e+00 1.813590239479404342e+00 6.240947260340742098e+00 3.784391184637078354e+00 1.957638087220281653e+00 8.776389724194850750e-01 2.873903159153778475e+00 2.718502380777351846e+00 5.411632026072895618e-01 2.502974765525970979e-01 1.554389303000738076e+00 4.993575564686258961e-01
5.000000000000000000e+01 2.176043718663143167e+00 3.172802414404490623e+00 6.562608709254796224e+00 3.506709399012025052e+00 2.273974719862711158e+00 1.692176049347453359e+00 4.095977471395245928e+00 4.688877771137208050e+00 1.092949677376462425e+00 5.886424326494493764e-01 2.772781301753648897e+00 1.008584294618090071e+00
6.000000000000000000e+01 2.610595025796278001e+00 3.014710498978350195e+00 6.233338609471054781e+00 4.863553224413653453e+00 2.223993337264311254e+00 3.034570871386440327e+00 3.244666157098747838e+00 3.961358692904910939e+00 8.577991684083854373e-01 1.331584387837733141e+00 2.210770771481073371e+00 2.541524024360530376e+00
7.000000000000000000e+01 2.786180609702699318e+00 3.082705098028988733e+00 6.562044902593182627e+00 5.120367830394805253e+00 2.745062232574133620e+00 3.550947683863997728e+00 4.066757595694295624e+00 3.700661419663370921e+00 1.260438043843221445e+00 1.728151296042364171e+00 2.717507569976110204e+00 2.954951711244103496e+00
8.000000000000000000e+01 2.937519497823862569e+00 3.814158159727249586e+00 6.466144993992894108e+00 4.891671237577781106e+00 3.038412029707830087e+00 3.456140262296138577e+00 4.217075908368710380e+00 3.901208607126004591e+00 1.169672724898186411e+00 1.737610245543484311e+00 1.940849906507362554e+00 4.432463000595377345e+00
9.000000000000000000e+01 3.157225886420227390e+00 5.197731229535845543e+00 5.851134002908589871e+00 5.443736300481890389e+00 3.795571094072403895e+00 5.563608703628283969e+00 3.596252010154997070e+00 4.461519711682965017e+00 1.273975272461137731e+00 2.538921888042741326e+00 2.245935002351052479e+00 4.881863655144468517e+00
